#$SPEC_ID:
#No sample description was entered.
#$SPEC_REM:
#DET# 1
#DETDESC# MYON MCB 337
#AP# Maestro Version 6.06
#$DATE_MEA:
#04/12/2023 13:55:43
#$MEAS_TIM:
#159534 159534
#$DATA:
#0 511
       0
       0
       0
       0
      53
      74
     111
     118
      63
      41
      41
      55
      42
      47
      46
      35
      41
      44
      31
      21
      34
      34
      28
      40
      32
      24
      31
      19
      27
      27
      31
      27
      27
      26
      30
      28
      23
      28
      32
      25
      21
      16
      16
      28
      15
      21
      10
      15
      15
      18
      18
      16
      13
      15
      22
      23
      10
      12
      14
      14
      23
      19
      20
      14
      10
      17
       7
      19
      10
       6
      14
      13
      14
      11
      16
       6
      13
      12
      10
      10
       7
       9
       9
       9
      12
       6
       8
      13
       7
       9
       5
      11
       4
       3
       5
       8
       7
       5
       5
       5
       7
       6
       5
       8
      10
      10
       7
       7
      10
       2
       7
       4
       6
       4
       3
       4
       7
       3
       5
       6
       3
       7
       2
       8
       3
       5
       6
       5
       6
       4
       2
       4
       6
       1
       3
       3
       1
       2
       2
       3
       3
       1
       6
       4
       3
       2
       4
       8
       2
       3
       2
       3
       3
       5
       2
       4
       2
       1
       3
       3
       7
       1
       2
       0
       3
       4
       2
       1
       1
       3
       1
       4
       0
       1
       1
       2
       4
       3
       1
       2
       3
       0
       1
       4
       3
       6
       2
       3
       3
       3
       1
       1
       0
       2
       0
       2
       0
       0
       1
       1
       2
       4
       3
       3
       1
       0
       2
       2
       1
       1
       1
       1
       0
       3
       1
       1
       1
       1
       1
       2
       3
       0
       0
       1
       0
       0
       1
       0
       0
       0
       0
       0
       0
       0
       0
       0
       0
       0
       0
       0
       0
       0
       0
       0
       0
       0
       0
       0
       0
       0
       0
       0
       0
       0
       0
       0
       0
       0
       0
       0
       0
       0
       0
       0
       0
       0
       0
       0
       0
       0
       0
       0
       0
       0
       0
       0
       0
       0
       0
       0
       0
       0
       0
       0
       0
       0
       0
       0
       0
       0
       0
       0
       0
       0
       0
       0
       0
       0
       0
       0
       0
       0
       0
       0
       0
       0
       0
       0
       0
       0
       0
       0
       0
       0
       0
       0
       0
       0
       0
       0
       0
       0
       0
       0
       0
       1
       0
       0
       0
       0
       0
       0
       0
       0
       0
       0
       0
       0
       0
       0
       0
       0
       0
       0
       0
       0
       0
       0
       0
       0
       0
       0
       0
       0
       0
       0
       0
       0
       0
       0
       0
       0
       0
       0
       0
       0
       0
       0
       0
       0
       0
       0
       0
       0
       0
       0
       0
       0
       0
       0
       0
       0
       0
       0
       0
       0
       0
       0
       0
       0
       0
       0
       0
       0
       0
       0
       0
       0
       0
       0
       0
       0
       0
       0
       0
       0
       0
       0
       0
       0
       0
       0
       0
       0
       0
       0
       0
       0
       0
       0
       0
       0
       0
       0
       0
       0
       0
       0
       0
       0
       0
       0
       0
       0
       0
       0
       0
       0
       0
       0
       0
       0
       0
       0
       0
       0
       0
       0
       0
       0
       0
       0
       0
       0
       0
       0
       0
       0
       0
       0
       0
       0
       0
       0
       0
       0
       0
       0
       0
       0
       0
       0
       0
       0
       0
       0
       0
       0
       0
       0
       0
       0
       0
       0
       0
       0
       0
       0
       0
       0
       0
       0
       0
       0
       0
       0
       0
       0
       0
       0
       0
       0
       0
       0
       0
       0
       0
       0
       0
       0
       0
       0
#$ROI:
#0
#$PRESETS:
#None
#0
#0
#$ENER_FIT:
#-2.326062 0.088583
#$MCA_CAL:
#3
#-2.326062E+000 8.858320E-002 -1.636990E-004 micr
#$SHAPE_CAL:
#3
#0.000000E+000 0.000000E+000 0.000000E+000
