$SPEC_ID:
No sample description was entered.
$SPEC_REM:
DET# 1
DETDESC# MYON MCB 337
AP# Maestro Version 6.06
$DATE_MEA:
05/03/2023 16:06:47
$MEAS_TIM:
405771 405772
$DATA:
0 511
       0
       0
       0
       0
      78
      84
      81
      61
      83
      80
      67
      74
      69
      83
      75
      73
      64
      73
      67
      72
      77
      58
      62
      65
      71
      57
      71
      68
      74
      69
      68
      62
      65
      51
      69
      58
      38
      66
      57
      60
      56
      50
      47
      53
      48
      62
      63
      48
      53
      57
      53
      35
      43
      42
      46
      52
      45
      52
      39
      41
      47
      42
      59
      41
      42
      38
      33
      38
      39
      41
      42
      40
      39
      42
      41
      36
      46
      31
      38
      35
      34
      23
      30
      35
      31
      20
      39
      40
      28
      37
      26
      30
      30
      35
      30
      47
      23
      30
      29
      46
      27
      27
      31
      34
      32
      24
      26
      26
      27
      25
      29
      26
      29
      21
      20
      21
      22
      25
      32
      28
      27
      24
      33
      18
      37
      23
      36
      31
      25
      17
      16
      17
      24
      25
      19
      20
      24
      26
      26
      19
      15
      20
      21
      15
      14
      23
      14
      20
      15
      14
      25
      19
      17
      16
       9
      15
       9
      17
      21
      12
      15
      23
      20
      15
      11
       8
      12
      17
      13
       8
      14
      16
      17
      12
      16
      11
      13
      16
      13
      18
      18
      12
      12
      14
      13
      12
       9
       8
      17
      12
       8
      10
      14
      11
       4
      11
      12
       9
       9
      13
      10
      11
      10
       7
       7
      15
       8
      13
      12
       8
      13
      12
       7
       9
       7
       5
      11
      11
      11
       9
       7
       9
       9
      12
      12
       8
       8
       9
      11
      13
       6
       6
       6
      14
       8
       8
       3
       9
      10
       4
      11
       8
      11
       7
       2
       3
       6
       5
       9
       7
       7
       9
       6
       8
       1
       8
      12
       6
       8
       7
       8
       6
       7
       6
       2
       4
       4
       2
       1
       0
       0
       0
       0
       0
       0
       0
       0
       0
       0
       0
       0
       0
       0
       0
       0
       0
       0
       0
       0
       0
       0
       0
       0
       0
       0
       0
       0
       0
       0
       0
       0
       0
       0
       0
       0
       0
       0
       0
       0
       0
       0
       0
       0
       0
       0
       0
       0
       0
       0
       0
       0
       0
       0
       0
       0
       0
       0
       0
       0
       0
       0
       0
       0
       0
       0
       0
       0
       0
       0
       0
       0
       0
       0
       0
       0
       0
       0
       0
       0
       0
       0
       0
       0
       0
       0
       0
       0
       0
       0
       0
       0
       0
       0
       0
       0
       0
       0
       0
       0
       0
       0
       0
       0
       0
       0
       0
       0
       0
       0
       0
       0
       0
       0
       0
       0
       0
       0
       0
       0
       0
       0
       0
       0
       0
       0
       0
       0
       0
       0
       0
       0
       0
       0
       0
       0
       0
       0
       1
       0
       0
       0
       0
       0
       0
       0
       0
       0
       0
       0
       0
       0
       0
       0
       0
       0
       0
       0
       0
       0
       0
       0
       0
       0
       0
       0
       0
       0
       0
       0
       0
       0
       0
       0
       0
       0
       0
       0
       0
       0
       0
       0
       0
       0
       0
       0
       0
       0
       0
       0
       0
       0
       0
       0
       0
       0
       0
       0
       0
       0
       0
       1
       0
       0
       0
       0
       0
       0
       0
       0
       0
       0
       0
       0
       0
       0
       0
       0
       0
       0
       0
       0
       0
       0
       0
       0
       0
       0
       0
       0
       0
       0
       0
       0
       0
       0
       0
       0
       0
       0
       0
       0
       0
$ROI:
0
$PRESETS:
None
0
0
$ENER_FIT:
-2.326062 0.088583
$MCA_CAL:
3
-2.326062E+000 8.858320E-002 -1.636990E-004 micr
$SHAPE_CAL:
3
0.000000E+000 0.000000E+000 0.000000E+000
