alpha I
   0.0000    129406
   0.0050    458359
   0.0100   1042670
   0.0150   1516050
   0.0200   1741100
   0.0250   1588030
   0.0300   1217860
   0.0350    920066
   0.0400    787022
   0.0450    760087
   0.0500    709556
   0.0550    684876
   0.0600    667067
   0.0650    680246
   0.0700    697412
   0.0750    731214
   0.0800    772618
   0.0850    801521
   0.0900    838001
   0.0950    868105
   0.1000    902685
   0.1050    935984
   0.1100    972744
   0.1150    951808
   0.1200    981773
   0.1250   1023720
   0.1300   1060250
   0.1350   1089790
   0.1400   1129360
   0.1450   1164740
   0.1500   1196010
   0.1550   1217300
   0.1600   1247970
   0.1650   1247330
   0.1700   1236220
   0.1750   1241250
   0.1800   1240380
   0.1850   1244120
   0.1900   1269200
   0.1950   1300170
   0.2000   1333990
   0.2050   1352020
   0.2100   1374960
   0.2150   1374670
   0.2200   1340700
   0.2250   1264020
   0.2300   1144690
   0.2350    987998
   0.2400    788752
   0.2450    594524
   0.2500    414249
   0.2550    270251
   0.2600    193375
   0.2650    163577
   0.2700    158166
   0.2750    155751
   0.2800    142351
   0.2850    117464
   0.2900     86999
   0.2950     61463
   0.3000     46121
   0.3050     41897
   0.3100     46988
   0.3150     53190
   0.3200     56128
   0.3250     52937
   0.3300     45292
   0.3350     34013
   0.3400     24195
   0.3450     18315
   0.3500     17017
   0.3550     19271
   0.3600     23052
   0.3650     26260
   0.3700     26064
   0.3750     23562
   0.3800     18873
   0.3850     13878
   0.3900      9862
   0.3950      8182
   0.4000      8352
   0.4050     10244
   0.4100     12310
   0.4150     13548
   0.4200     13404
   0.4250     12078
   0.4300      9530
   0.4350      6942
   0.4400      4963
   0.4450      4117
   0.4500      4399
   0.4550      5716
   0.4600      6646
   0.4650      7582
   0.4700      7669
   0.4750      6910
   0.4800      5452
   0.4850      4084
   0.4900      2986
   0.4950      2372
   0.5000      2595
   0.5050      3201
   0.5100      3839
   0.5150      4419
   0.5200      4564
   0.5250      4185
   0.5300      3493
   0.5350      2606
   0.5400      1878
   0.5450      1463
   0.5500      1505
   0.5550      1882
   0.5600      2288
   0.5650      2793
   0.5700      2849
   0.5750      2666
   0.5800      2355
   0.5850      1787
   0.5900      1316
   0.5950       988
   0.6000       940
   0.6050      1126
   0.6100      1465
   0.6150      1600
   0.6200      1859
   0.6250      1814
   0.6300      1572
   0.6350      1247
   0.6400       956
   0.6450       758
   0.6500       675
   0.6550       665
   0.6600       800
   0.6650      1067
   0.6700      1206
   0.6750      1181
   0.6800      1169
   0.6850       970
   0.6900       782
   0.6950       580
   0.7000       485
   0.7050       456
   0.7100       568
   0.7150       643
   0.7200       789
   0.7250       841
   0.7300       835
   0.7350       682
   0.7400       581
   0.7450       436
   0.7500       378
   0.7550       320
   0.7600       386
   0.7650       419
   0.7700       598
   0.7750       568
   0.7800       625
   0.7850       568
   0.7900       489
   0.7950       369
   0.8000       268
   0.8050       266
   0.8100       251
   0.8150       263
   0.8200       323
   0.8250       425
   0.8300       375
   0.8350       403
   0.8400       356
   0.8450       302
   0.8500       235
   0.8550       187
   0.8600       161
   0.8650       208
   0.8700       220
   0.8750       250
   0.8800       291
   0.8850       298
   0.8900       302
   0.8950       235
   0.9000       194
   0.9050       162
   0.9100       129
   0.9150       148
   0.9200       121
   0.9250       174
   0.9300       195
   0.9350       227
   0.9400       213
   0.9450       182
   0.9500       168
   0.9550       137
   0.9600        96
   0.9650        79
   0.9700        94
   0.9750        98
   0.9800       117
   0.9850       141
   0.9900       157
   0.9950       146
   1.0000       111
   1.0050       120
   1.0100        77
   1.0150        60
   1.0200        56
   1.0250        79
   1.0300        97
   1.0350       112
   1.0400       121
   1.0450       115
   1.0500       105
   1.0550        93
   1.0600        65
   1.0650        63
   1.0700        46
   1.0750        53
   1.0800        64
   1.0850        62
   1.0900        82
   1.0950        71
   1.1000       111
   1.1050        67
   1.1100        66
   1.1150        58
   1.1200        49
   1.1250        45
   1.1300        39
   1.1350        51
   1.1400        61
   1.1450        61
   1.1500        59
   1.1550        61
   1.1600        57
   1.1650        37
   1.1700        27
   1.1750        40
   1.1800        37
   1.1850        36
   1.1900        37
   1.1950        48
   1.2000        50
   1.2050        43
   1.2100        39
   1.2150        33
   1.2200        26
   1.2250        21
   1.2300        29
   1.2350        26
   1.2400        23
   1.2450        38
   1.2500        32
   1.2550        31
   1.2600        33
   1.2650        21
   1.2700        32
   1.2750        24
   1.2800        18
   1.2850        21
   1.2900        25
   1.2950        23
   1.3000        27
   1.3050        25
   1.3100        22
   1.3150        26
   1.3200        18
   1.3250        22
   1.3300        15
   1.3350        19
   1.3400        12
   1.3450        24
   1.3500        17
   1.3550        25
   1.3600        17
   1.3650        12
   1.3700        14
   1.3750        12
   1.3800        11
   1.3850        17
   1.3900        14
   1.3950         7
   1.4000        14
   1.4050        16
   1.4100        15
   1.4150        10
   1.4200        18
   1.4250        12
   1.4300        14
   1.4350        14
   1.4400        12
   1.4450        10
   1.4500        10
   1.4550        17
   1.4600        16
   1.4650        12
   1.4700        15
   1.4750         8
   1.4800         8
   1.4850         8
   1.4900         9
   1.4950         5
   1.5000         9
   1.5050         8
   1.5100         7
   1.5150        11
   1.5200         7
   1.5250         8
   1.5300         6
   1.5350         6
   1.5400         5
   1.5450         5
   1.5500         7
   1.5550         7
   1.5600        11
   1.5650         6
   1.5700        13
   1.5750         9
   1.5800         8
   1.5850         6
   1.5900         5
   1.5950         4
   1.6000         2
   1.6050         6
   1.6100         3
   1.6150         2
   1.6200         8
   1.6250         4
   1.6300         2
   1.6350         8
   1.6400         5
   1.6450         2
   1.6500         4
   1.6550         1
   1.6600         3
   1.6650         5
   1.6700         5
   1.6750         7
   1.6800         2
   1.6850         4
   1.6900         4
   1.6950         5
   1.7000         5
   1.7050         2
   1.7100         1
   1.7150         4
   1.7200         4
   1.7250         2
   1.7300         1
   1.7350         3
   1.7400         3
   1.7450         3
   1.7500         2
   1.7550         2
   1.7600         2
   1.7650         1
   1.7700         6
   1.7750         3
   1.7800         4
   1.7850         5
   1.7900         3
   1.7950         3
   1.8000         1
   1.8050         1
   1.8100         1
   1.8150         2
   1.8200         1
   1.8250         1
   1.8300         1
   1.8350         2
   1.8400         3
   1.8450         3
   1.8500         1
   1.8550         4
   1.8600         0
   1.8650         1
   1.8700         1
   1.8750         1
   1.8800         0
   1.8850         4
   1.8900         0
   1.8950         3
   1.9000         2
   1.9050         3
   1.9100         0
   1.9150         3
   1.9200         1
   1.9250         1
   1.9300         1
   1.9350         4
   1.9400         1
   1.9450         2
   1.9500         1
   1.9550         1
   1.9600         1
   1.9650         0
   1.9700         1
   1.9750         2
   1.9800         1
   1.9850         0
   1.9900         1
   1.9950         2
   2.0000         2
   2.0050         0
   2.0100         1
   2.0150         0
   2.0200         1
   2.0250         0
   2.0300         1
   2.0350         1
   2.0400         2
   2.0450         2
   2.0500         0
   2.0550         1
   2.0600         1
   2.0650         2
   2.0700         0
   2.0750         0
   2.0800         1
   2.0850         0
   2.0900         0
   2.0950         1
   2.1000         1
   2.1050         0
   2.1100         0
   2.1150         0
   2.1200         0
   2.1250         0
   2.1300         0
   2.1350         2
   2.1400         1
   2.1450         0
   2.1500         1
   2.1550         0
   2.1600         1
   2.1650         0
   2.1700         1
   2.1750         1
   2.1800         0
   2.1850         1
   2.1900         0
   2.1950         0
   2.2000         1
   2.2050         1
   2.2100         2
   2.2150         1
   2.2200         0
   2.2250         0
   2.2300         2
   2.2350         0
   2.2400         0
   2.2450         0
   2.2500         0
   2.2550         0
   2.2600         0
   2.2650         0
   2.2700         1
   2.2750         0
   2.2800         0
   2.2850         0
   2.2900         1
   2.2950         0
   2.3000         1
   2.3050         0
   2.3100         2
   2.3150         1
   2.3200         1
   2.3250         0
   2.3300         0
   2.3350         0
   2.3400         0
   2.3450         1
   2.3500         1
   2.3550         0
   2.3600         0
   2.3650         1
   2.3700         0
   2.3750         0
   2.3800         0
   2.3850         0
   2.3900         1
   2.3950         1
   2.4000         0
   2.4050         1
   2.4100         1
   2.4150         0
   2.4200         0
   2.4250         1
   2.4300         0
   2.4350         0
   2.4400         0
   2.4450         0
   2.4500         3
   2.4550         1
   2.4600         1
   2.4650         1
   2.4700         0
   2.4750         1
   2.4800         0
   2.4850         0
   2.4900         0
   2.4950         0
   2.5000         0