0.0000      1531
0.0050      1587
0.0100      1604
0.0150      1624
0.0200      1534
0.0250      1636
0.0300      1614
0.0350      1571
0.0400      1656
0.0450      1619
0.0500      1680
0.0550      1711
0.0600      1790
0.0650      1925
0.0700      2065
0.0750      2229
0.0800      2632
0.0850      2869
0.0900      3663
0.0950      4701
0.1000      6735
0.1050      9294
0.1100     12114
0.1150     14321
0.1200     16953
0.1250     19752
0.1300     24867
0.1350     45137
0.1400     87809
0.1450    155038
0.1500    208955
0.1550    216033
0.1600    179464
0.1650    109184
0.1700     58183
0.1750     27125
0.1800     19693
0.1850     16492
0.1900     13887
0.1950     11238
0.2000      8410
0.2050      6439
0.2100      5197
0.2150      4330
0.2200      3589
0.2250      3052
0.2300      2617
0.2350      2392
0.2400      2193
0.2450      2107
0.2500      2032
0.2550      1996
0.2600      1811
0.2650      1791
0.2700      1735
0.2750      1741
0.2800      1727
0.2850      1672
0.2900      1671
0.2950      1630
0.3000      1613