-1.0000         2
-0.9600         0
-0.9200         2
-0.8800         0
-0.8400         7
-0.8000         4
-0.7600        10
-0.7200        13
-0.6800         8
-0.6400        12
-0.6000        18
-0.5600        19
-0.5200        19
-0.4800        38
-0.4400        57
-0.4000        70
-0.3600       205
-0.3200      2735
-0.2800     13939
-0.2400     33952
-0.2000     61084
-0.1600     94460
-0.1200    133822
-0.0800    177973
-0.0400    218127
 0.0000    215141
 0.0400    171082
 0.0800    140888
 0.1200    104634
 0.1600     75188
 0.2000     50464
 0.2400     30014
 0.2800     14230
 0.3200      4273
 0.3600       445
 0.4000        95
 0.4400        58
 0.4800        42
 0.5200        23
 0.5600        25
 0.6000        20
 0.6400        17
 0.6800        10
 0.7200         9
 0.7600         6
 0.8000         3
 0.8400         4
 0.8800         2
 0.9200         4
 0.9600         2
 1.0000         1