0.0000        86
0.0050        66
0.0100        80
0.0150        61
0.0200        74
0.0250        83
0.0300        61
0.0350        65
0.0400        63
0.0450        67
0.0500        71
0.0550        70
0.0600        70
0.0650        83
0.0700        64
0.0750        69
0.0800        71
0.0850        74
0.0900        90
0.0950        87
0.1000       103
0.1050       107
0.1100       103
0.1150       114
0.1200       118
0.1250       113
0.1300       111
0.1350       133
0.1400       141
0.1450       158
0.1500       150
0.1550       183
0.1600       189
0.1650       197
0.1700       228
0.1750       266
0.1800       318
0.1850       435
0.1900       487
0.1950       581
0.2000       730
0.2050       893
0.2100      1294
0.2150      1943
0.2200      2851
0.2250      4235
0.2300      6584
0.2350     12226
0.2400     23955
0.2450     38684
0.2500     42521
0.2550     35359
0.2600     23414
0.2650     13541
0.2700      7062
0.2750      3954
0.2800      2539
0.2850      1758
0.2900      1258
0.2950       893
0.3000       692
0.3050       555
0.3100       461
0.3150       370
0.3200       302
0.3250       209
0.3300       251
0.3350       194
0.3400       191
0.3450       175
0.3500       142
0.3550       175
0.3600       155
0.3650       119
0.3700       128
0.3750        93
0.3800       112
0.3850       117
0.3900        99
0.3950        97
0.4000        89
0.4050        90
0.4100        96
0.4150       101
0.4200        78
0.4250        94
0.4300        85
0.4350        78
0.4400        69
0.4450        70
0.4500        88
0.4550        77
0.4600        83
0.4650        70
0.4700        74
0.4750        72
0.4800        79
0.4850        69
0.4900        82
0.4950        73
0.5000        73