-1.0000         0
-0.9600         0
-0.9200         0
-0.8800         2
-0.8400         0
-0.8000         2
-0.7600         2
-0.7200         2
-0.6800         5
-0.6400        12
-0.6000         9
-0.5600        14
-0.5200        16
-0.4800        27
-0.4400        31
-0.4000        35
-0.3600        89
-0.3200       149
-0.2800      1567
-0.2400     10606
-0.2000     28527
-0.1600     53696
-0.1200     85485
-0.0800    124381
-0.0400    165717
 0.0000    207604
 0.0400    235641
 0.0800    196931
 0.1200    159438
 0.1600    129173
 0.2000     95386
 0.2400     67257
 0.2800     44144
 0.3200     24915
 0.3600     10524
 0.4000      2550
 0.4400       248
 0.4800        83
 0.5200        48
 0.5600        41
 0.6000        40
 0.6400        28
 0.6800        16
 0.7200        18
 0.7600        17
 0.8000        15
 0.8400         7
 0.8800         9
 0.9200         5
 0.9600         2
 1.0000         5