0.2350       889
0.2360       791
0.2370       896
0.2380       940
0.2390      1085
0.2400      1186
0.2410      1256
0.2420      1373
0.2430      1435
0.2440      1586
0.2450      1696
0.2460      1759
0.2470      1845
0.2480      1958
0.2490      1836
0.2500      1877
0.2510      1895
0.2520      1811
0.2530      1723
0.2540      1674
0.2550      1603
0.2560      1503
0.2570      1407
0.2580      1343
0.2590      1239
0.2600      1139
0.2610      1038
0.2620       873
0.2630       861
0.2640       735
0.2650       635