0.2000       147
0.2050       155
0.2100       139
0.2150       128
0.2200       145
0.2250       149
0.2300       153
0.2350       145
0.2400       158
0.2450       143
0.2500       168
0.2550       156
0.2600       151
0.2650       145
0.2700       171
0.2750       166
0.2800       202
0.2850       329
0.2900       528
0.2950       779
0.3000       968
0.3050       929
0.3100       687
0.3150       392
0.3200       257
0.3250       172
0.3300       212
0.3350       149
0.3400       172
0.3450       141
0.3500       156
0.3550       148
0.3600       167
0.3650       143
0.3700       163
0.3750       149
0.3800       143
0.3850       140
0.3900       136
0.3950       122
0.4000       117
0.4050       119
0.4100       128
0.4150       145
0.4200       160
0.4250       140
0.4300       139
0.4350       138
0.4400       136
0.4450       131
0.4500       127
0.4550       140
0.4600       142
0.4650       131
0.4700       138
0.4750       136
0.4800       123
0.4850       131
0.4900       150
0.4950       148
0.5000       132