-1.0000         0
-0.9600         0
-0.9200         0
-0.8800         1
-0.8400         2
-0.8000         3
-0.7600         5
-0.7200         5
-0.6800         9
-0.6400         4
-0.6000        16
-0.5600        20
-0.5200        25
-0.4800        28
-0.4400        50
-0.4000        65
-0.3600       145
-0.3200      1543
-0.2800     10447
-0.2400     28851
-0.2000     53914
-0.1600     85478
-0.1200    123190
-0.0800    165659
-0.0400    207865
 0.0000    237055
 0.0400    205463
 0.0800    163246
 0.1200    134423
 0.1600     99479
 0.2000     71285
 0.2400     47271
 0.2800     27071
 0.3200     12106
 0.3600      3352
 0.4000       298
 0.4400        89
 0.4800        66
 0.5200        50
 0.5600        34
 0.6000        20
 0.6400        19
 0.6800        26
 0.7200        16
 0.7600        11
 0.8000         7
 0.8400         7
 0.8800         1
 0.9200         4
 0.9600         6
 1.0000         4