-20.0000    537208
-19.0000    537421
-18.0000    537974
-17.0000    535762
-16.0000    535478
-15.0000    536758
-14.0000    536750
-13.0000    532270
-12.0000    540170
-11.0000    489603
-10.0000    429144
 -9.0000    405183
 -8.0000    396501
 -7.0000    384130
 -6.0000    372193
 -5.0000    357609
 -4.0000    346139
 -3.0000    330726
 -2.0000    314404
 -1.0000    296977
  0.0000    279368
  1.0000    266364
  2.0000    249869
  3.0000    235373
  4.0000    222346
  5.0000    206893
  6.0000    193432
  7.0000    178058
  8.0000    164312
  9.0000    156822
 10.0000    142330
 11.0000    130263
 12.0000    298865
 13.0000    529505
 14.0000    528036
 15.0000    526251
 16.0000    527254
 17.0000    527207
 18.0000    527989
 19.0000    529197
 20.0000    527380