0.0000    537919
0.0200    537690
0.0400    536939
0.0600    533645
0.0800    535833
0.1000    534040
0.1200    537982
0.1400    533708
0.1600    536687
0.1800    537374
0.2000    536047
0.2200    533756
0.2400    537010
0.2600    539562
0.2800    506880
0.3000    430811
0.3200    308463
0.3400    170522
0.3600     63945
0.3800     11621
0.4000       231
0.4200        40
0.4400        16
0.4600         5
0.4800         2
0.5000         1
0.5200         0
0.5400         2
0.5600         2
0.5800         0
0.6000         3
0.6200         2
0.6400         5
0.6600         8
0.6800         9
0.7000         9
0.7200        12
0.7400        27
0.7600        18
0.7800        35
0.8000        35