-0.5000    490337
-0.4900    493007
-0.4800    495938
-0.4700    494911
-0.4600    493118
-0.4500    494982
-0.4400    495662
-0.4300    494801
-0.4200    493869
-0.4100    493829
-0.4000    494982
-0.3900    492668
-0.3800    494185
-0.3700    491720
-0.3600    496847
-0.3500    490645
-0.3400    494003
-0.3300    496136
-0.3200    493300
-0.3100    494572
-0.3000    495188
-0.2900    492913
-0.2800    492881
-0.2700    492660
-0.2600    493813
-0.2500    492541
-0.2400    491736
-0.2300    491072
-0.2200    492913
-0.2100    492747
-0.2000    492715
-0.1900    495362
-0.1800    495670
-0.1700    493537
-0.1600    495156
-0.1500    490108
-0.1400    491293
-0.1300    494824
-0.1200    492921
-0.1100    495670
-0.1000    489840
-0.0900    492684
-0.0800    493837
-0.0700    490005
-0.0600    492146
-0.0500    491427
-0.0400    492249
-0.0300    494264
-0.0200    491988
-0.0100    493481
 0.0000    488315
 0.0100    492320
 0.0200    493584
 0.0300    492549
 0.0400    487462
 0.0500    491775
 0.0600    488884
 0.0700    489800
 0.0800    488473
 0.0900    485771
 0.1000    492233
 0.1100    494414
 0.1200    486901
 0.1300    489563
 0.1400    493908
 0.1500    492628
 0.1600    490274
 0.1700    490985
 0.1800    487817
 0.1900    489405
 0.2000    490069
 0.2100    490969
 0.2200    490914
 0.2300    490566
 0.2400    497392
 0.2500    491427
 0.2600    493655
 0.2700    489389
 0.2800    468020
 0.2900    442724
 0.3000    399369
 0.3100    349156
 0.3200    282251
 0.3300    210764
 0.3400    150882
 0.3500     91869
 0.3600     57848
 0.3700     24362
 0.3800      4606
 0.3900       344
 0.4000       110
 0.4100        66
 0.4200        34
 0.4300        23
 0.4400        16
 0.4500        11
 0.4600         5
 0.4700         5
 0.4800         4
 0.4900         1
 0.5000         1